src	dst	length_m
0	2526	10.2
0	9863	126.9
0	9886	309.6
1	12929	11.3
1	14684	526.2
2	6996	68.8
2	5793	701.5
3	19272	63.8
3	19280	12.8
3	18823	330.2
4	4285	1738.0
5	18660	380.7
6	3661	557.4
6	162	537.6
7	5651	376.8
7	5648	276.3
8	9399	784.7
9	526	17.4
9	378	317.2
9	23273	294.2
10	7969	258.1
10	18304	638.6
11	553	237.1
11	557	439.7
12	10790	29.8
12	563	68.1
13	7566	247.0
14	17061	250.2
14	17058	63.5
15	17064	30.1
15	17065	92.7
16	571	74.1
16	17	91.3
17	17025	86.7
17	2367	37.8
18	19	146.5
18	2008	146.2
19	2008	11.7
19	5719	8.5
19	20	166.2
20	2011	9.1
20	2013	8.7
20	21	285.9
21	2016	11.2
21	2017	7.7
21	24	183.0
22	11	653.8
23	154	335.0
23	22	601.6
24	2019	8.4
24	3266	8.3
24	337	212.7
25	2023	58.4
25	7505	13.8
26	2033	15.9
26	2032	13.3
26	27	290.7
26	2029	551.5
27	2036	65.8
27	2035	111.7
28	2033	299.1
28	26	299.6
29	2038	75.3
29	28	80.9
30	2174	36.6
30	11752	486.8
31	2181	97.5
32	2165	422.5
33	32	48.7
33	204	15.0
34	18384	183.5
35	18374	15.0
35	18377	234.3
36	1209	120.3
37	18382	39.9
37	18379	16.6
37	552	13.8
38	1249	20.8
38	5190	11.5
39	5194	6.6
39	6587	145.4
40	44	7.2
40	404	11.8
41	729	671.3
41	96	559.1
42	7569	5.9
42	403	60.8
43	7565	9.4
43	200	273.7
43	306	177.6
44	7549	7.2
44	43	157.6
45	46	123.9
45	3564	207.6
46	45	123.9
46	3157	216.4
46	3129	182.0
47	48	525.0
47	123	2882.2
47	6828	750.3
48	47	525.0
49	7569	38.2
49	234	179.9
49	3129	269.6
50	53	48.9
51	55	44.1
52	9732	40.9
52	50	35.6
53	638	39.1
53	7551	27.7
54	52	33.2
55	54	29.7
55	9726	102.7
56	794	254.7
56	59	648.4
57	1091	30.9
57	58	33.6
58	7577	301.3
58	806	98.2
59	57	346.7
60	806	289.9
61	62	55.9
61	13843	77.1
62	61	55.9
62	69	300.2
62	17398	184.1
63	1435	16.6
63	2249	70.7
64	20715	6.9
64	233	219.9
65	3147	13.7
65	1601	441.1
66	3428	37.7
66	3618	9.8
67	1709	199.6
67	68	119.1
68	257	94.2
68	225	155.6
69	62	300.2
70	7335	346.8
70	134	257.8
71	9477	1840.5
71	7327	762.7
72	73	1070.5
73	7326	780.6
73	9198	340.9
74	3660	8310.5
75	7190	7074.5
76	3761	2650.5
77	3880	2553.8
78	14945	1487.1
78	13477	910.5
79	22353	73.6
79	22349	15.7
80	18139	39.5
80	3654	41.5
81	11067	107.9
81	17387	180.2
82	11707	39.6
82	7400	750.1
83	127	20.2
83	13105	686.0
84	20876	625.7
84	87	446.4
84	20882	699.7
85	509	556.7
85	20874	518.7
85	88	222.5
86	20870	31.6
86	5483	358.4
86	15736	827.6
87	84	446.4
88	506	49.1
88	85	222.5
88	20892	125.3
89	20875	104.2
89	20876	114.1
89	20877	635.8
90	504	3241.5
91	92	1659.5
91	13477	1183.4
93	11205	505.1
93	3456	822.9
94	104	90.3
95	3160	174.3
95	3571	234.6
96	3609	243.0
97	11662	401.9
97	11656	130.4
98	96	249.2
98	743	273.2
99	101	803.7
100	2296	48.0
100	2289	304.5
101	8158	206.7
102	9745	127.8
103	735	821.1
103	2263	383.4
104	695	726.6
104	716	309.3
105	5871	524.4
105	6346	248.0
106	391	131.4
106	115	126.1
107	10911	95.5
107	10901	79.6
108	9174	1044.3
109	2540	10.8
109	17912	198.6
109	12530	152.0
110	3163	135.3
111	9106	106.6
111	15954	487.0
112	4812	10.9
112	4799	67.5
113	18061	1276.4
113	3936	459.7
114	1635	94.8
114	1650	271.8
115	647	21.7
115	655	72.5
115	391	40.8
116	3299	118.5
116	111	767.9
117	3904	1355.1
117	3882	226.5
118	121	965.0
118	123	2873.0
118	6828	169.0
119	122	397.2
120	122	509.8
120	122	509.8
120	121	1706.7
121	120	1706.7
121	118	965.0
121	7002	2065.5
122	120	509.8
122	120	509.8
122	119	397.2
123	47	2882.2
123	118	2873.0
123	2621	2390.8
124	8776	255.2
124	8781	87.8
125	3654	10.7
125	166	386.4
126	22960	57.5
126	2222	994.3
127	15522	12.1
127	6276	243.6
128	3656	48.9
128	3655	30.6
129	2231	10.0
129	11534	327.4
129	5897	419.4
130	3565	925.3
131	2341	17.7
131	1982	333.6
132	2332	25.3
132	3282	263.6
133	236	22.3
133	5155	288.8
134	5241	227.8
135	871	109.2
135	874	142.8
136	147	291.6
137	16518	65.2
137	16517	50.2
138	10070	224.1
139	332	470.2
139	136	856.3
140	10914	1104.6
140	3751	760.4
141	9193	71.5
141	7850	80.8
142	145	277.0
143	13137	123.9
144	153	143.8
144	143	247.2
145	2535	12.1
145	16507	368.1
146	165	1034.5
146	757	575.7
147	154	426.0
147	540	538.0
148	651	482.0
148	634	480.7
149	6933	416.5
149	10953	278.1
150	10308	367.3
150	10304	187.5
151	10795	108.0
151	12099	188.5
152	17663	21.8
153	143	132.6
153	19258	22.2
154	469	165.4
155	10202	26.3
155	10203	96.5
156	160	18.7
156	580	283.6
157	1120	20.0
157	6287	230.8
158	10819	4294.5
159	7527	8.0
159	17565	93.8
159	5715	274.3
160	3686	59.3
160	593	19.4
161	2045	50.3
161	2048	79.7
162	7	166.0
163	1123	9.9
163	263	392.9
164	1104	847.1
164	2124	1416.5
165	2120	1327.4
166	3652	19.2
166	5825	608.1
166	168	728.5
167	171	305.6
168	11286	632.3
168	166	728.5
168	20673	251.2
168	14328	618.2
169	20615	777.3
169	20615	777.3
169	171	311.8
170	20613	122.8
170	20614	106.2
170	6289	969.4
171	169	311.8
171	167	305.6
171	18390	1159.5
172	174	92.4
172	19523	33.1
172	19488	291.4
172	19485	323.0
173	4279	20.9
173	13485	59.6
174	172	92.4
174	175	217.9
174	19486	258.5
175	17580	339.6
175	174	217.9
175	19488	205.2
176	1347	262.8
176	2414	130.5
176	3151	193.5
176	1392	294.5
177	6284	71.1
177	622	220.7
177	2032	238.4
177	14806	54.6
178	5657	159.4
178	2063	34.6
179	17433	49.9
179	4259	205.6
180	692	18.2
180	694	178.7
180	2347	203.5
181	344	304.5
181	312	99.8
181	329	208.1
182	3509	10.3
182	1676	209.4
182	5975	233.7
183	2261	288.8
183	405	709.3
184	21981	7.4
184	3573	289.8
185	283	133.5
185	315	185.4
185	237	126.5
185	353	130.4
186	1127	41.1
186	316	119.8
187	17907	60.7
188	7429	302.2
188	1331	14.2
188	7362	107.7
189	416	51.8
189	270	51.8
190	17020	90.9
190	572	58.6
190	464	43.3
190	17067	180.3
191	376	162.5
191	419	90.1
192	11950	13.8
192	2097	45.1
193	319	117.4
193	455	154.4
193	284	80.0
194	2042	6.5
194	15030	129.0
195	5967	120.5
195	314	229.8
195	12088	219.8
195	323	102.9
196	428	137.4
196	418	181.2
197	17011	6.8
198	1622	50.9
198	308	49.5
198	1605	116.0
199	2262	39.0
199	2253	66.7
200	301	176.6
200	43	273.7
200	251	52.9
201	575	13.9
201	325	83.5
201	17020	92.3
202	7550	12.3
202	17905	39.3
203	421	112.4
203	453	178.1
203	371	130.2
204	1287	13.4
204	2183	42.3
205	387	34.0
205	331	203.7
206	4254	132.3
206	17076	152.6
206	434	67.4
207	6324	10.2
207	1891	213.7
208	8018	82.6
208	8019	122.8
208	17461	456.4
209	655	89.8
209	115	60.0
210	15953	45.8
210	1390	83.5
210	693	239.9
211	2066	79.2
211	392	24.6
212	632	29.9
212	18198	85.9
213	3153	168.2
213	234	178.3
213	5621	66.5
213	7576	37.4
214	578	61.5
214	4236	72.9
215	23292	71.9
215	17567	71.1
215	373	210.1
215	4251	260.4
216	7038	6.4
216	12180	8.0
216	2156	318.4
217	21999	240.4
217	3371	434.4
218	2358	216.9
218	2260	46.7
219	373	188.4
219	4255	234.9
219	2016	278.7
219	4214	160.1
220	313	55.2
220	400	90.9
220	2368	52.1
220	444	73.9
221	2043	343.6
221	377	343.7
222	632	27.6
222	2053	466.3
223	2009	42.2
223	614	22.7
224	5724	113.4
224	13466	161.1
224	17679	98.8
224	3264	94.8
225	1738	217.2
226	3555	14.1
226	7607	75.4
227	2167	505.6
227	2369	568.3
228	1596	90.4
228	346	126.9
228	268	288.2
229	326	130.8
229	1623	30.8
229	446	142.0
230	472	125.0
230	301	116.0
230	403	287.1
231	7829	71.9
231	2276	92.1
231	2256	59.6
232	347	118.5
232	599	112.1
233	348	8.0
233	20713	7.1
233	1156	31.1
234	213	178.3
234	49	179.9
234	3130	68.4
235	6357	5.5
235	1350	133.2
235	1327	179.4
236	2307	362.5
236	3582	28.2
237	301	48.3
237	185	126.5
237	453	135.1
237	251	176.9
238	1838	48.9
238	1834	120.3
239	23714	19.2
239	1798	521.4
239	1814	215.2
240	287	166.0
241	12084	49.8
241	8029	165.4
241	305	162.8
241	462	295.3
242	7227	83.4
242	584	67.9
243	3271	33.4
243	17026	20.9
243	464	73.1
244	7543	13.6
244	12085	74.7
244	752	331.4
245	7501	235.2
245	416	221.2
245	3581	399.5
246	318	250.1
247	9139	216.2
247	1513	33.8
247	298	408.7
248	6405	210.9
249	3349	107.3
249	17402	13.6
249	17411	93.3
250	7564	5.1
250	1594	91.0
250	1587	134.9
251	200	52.9
251	315	126.0
251	237	176.9
252	1889	146.3
253	17432	31.3
253	14791	113.1
254	640	12.4
254	18272	546.3
255	2897	100.4
255	6581	269.2
255	1946	232.1
256	11759	19.9
256	290	186.1
257	225	98.6
257	1725	20.3
258	439	22.8
258	248	155.4
259	7561	100.1
260	17406	42.8
260	7574	12.5
260	17421	174.3
261	17642	210.8
261	2415	322.3
261	1364	10.2
262	385	12.7
262	1308	46.6
263	17575	73.2
263	1124	13.3
263	17574	181.9
264	4265	124.6
264	2008	272.3
264	4199	83.6
264	457	147.9
265	432	98.9
265	366	55.1
266	7349	310.5
266	676	17.7
267	3681	33.5
267	313	137.5
267	4269	59.1
268	5965	333.9
268	228	288.2
268	273	254.2
269	388	932.8
270	335	45.8
270	2065	571.4
271	6697	26.3
272	4228	44.7
272	439	181.7
273	1634	154.6
273	5968	334.6
273	7520	308.0
273	268	254.2
274	3150	10.0
274	18244	43.3
274	18243	38.3
275	1723	19.4
275	6060	150.1
276	1368	18.2
276	6699	162.1
277	575	210.7
277	13944	217.2
277	17072	72.2
277	4237	91.9
278	1835	21.9
278	1837	100.1
279	16912	395.9
280	2062	82.3
280	382	113.2
280	1606	241.5
280	468	263.8
281	1607	213.0
281	1597	114.1
281	370	206.8
281	346	200.7
282	452	74.9
282	19056	51.0
283	371	172.6
283	185	133.5
283	453	126.1
284	193	80.0
285	15016	15.0
285	459	117.9
285	371	115.1
286	7526	44.7
286	7492	11.0
287	1857	185.4
287	1850	360.6
288	2353	144.2
288	16913	107.3
288	2358	224.8
289	1777	386.8
289	1762	20.7
289	23656	118.7
290	399	223.4
290	5755	287.0
290	7509	18.1
291	4262	113.0
291	3344	115.2
291	3343	86.9
291	17450	22.4
292	21973	7.1
292	1686	238.8
292	1672	243.5
293	1899	12.2
293	6336	62.3
294	17563	111.2
294	6285	88.3
295	2260	57.1
295	218	44.6
296	1165	332.7
296	1538	332.8
297	4251	85.7
297	191	227.1
298	2418	186.0
298	18240	280.9
298	247	408.7
298	1389	296.9
299	2037	61.9
299	2039	67.3
300	679	14.2
300	7249	44.2
301	230	116.0
301	200	176.6
301	306	286.9
301	237	48.3
302	1712	113.8
302	1721	79.0
303	7247	58.6
303	300	18.5
304	3616	17.3
304	3259	117.8
304	1050	210.4
305	12083	59.0
305	409	82.0
305	241	162.8
305	1699	122.3
306	42	66.9
306	301	286.9
306	7575	5.9
307	2365	186.7
307	3356	205.1
308	198	49.5
308	326	16.5
308	319	225.1
309	1673	58.0
309	430	89.0
309	12081	72.3
310	2272	643.5
310	183	135.8
311	1711	340.5
311	5758	143.9
311	21979	9.1
312	353	184.5
312	315	128.2
312	181	99.8
313	220	55.2
313	3345	77.8
313	4234	73.1
313	267	137.5
314	195	229.8
314	2062	228.2
314	5966	125.2
315	185	185.4
315	251	126.0
315	312	128.2
316	186	119.8
316	17458	106.8
316	15941	112.9
317	14947	54.4
317	1657	81.6
318	1241	12.7
318	579	258.3
319	193	117.4
319	446	264.1
319	308	225.1
319	466	220.9
320	4218	32.9
320	4232	33.3
321	1945	19.4
321	6581	186.3
321	6582	160.1
322	578	123.6
322	426	30.7
323	382	345.1
323	195	102.9
323	466	65.5
324	381	163.4
324	475	169.9
324	5620	166.9
325	17020	9.6
325	576	44.3
325	201	83.5
326	308	16.5
326	229	130.8
326	5657	122.0
327	5225	23.0
327	384	132.4
327	5626	345.4
328	1833	78.2
329	3127	15.1
329	181	208.1
329	385	200.6
330	11951	258.2
330	1700	99.6
331	205	203.7
331	7165	7.4
331	7164	130.8
332	561	495.0
332	7936	239.7
333	409	77.9
333	1700	163.2
333	1703	136.2
334	210	88.5
335	5225	181.4
335	211	30.2
336	214	79.8
336	4248	67.5
337	2020	7.0
337	2025	214.6
338	438	19.0
338	67	345.8
339	8031	33.5
340	6697	15.4
340	15941	134.5
340	17455	251.3
341	16884	44.1
341	17026	35.4
341	2368	65.3
342	443	87.1
342	1038	73.1
343	6327	11.7
343	1896	139.9
344	181	304.5
344	353	154.9
344	2179	153.4
345	223	62.5
345	2009	76.6
346	228	126.9
346	281	200.7
346	1598	115.0
347	232	118.5
347	17077	48.2
347	6406	69.8
347	17076	140.0
348	1149	122.2
348	233	8.0
348	710	328.0
349	1413	36.6
349	1395	29.9
349	1422	243.1
350	15012	96.8
350	2044	329.7
350	15008	157.7
351	418	221.7
351	475	70.3
351	179	102.5
352	236	493.0
352	3637	14.1
352	2305	377.1
353	312	184.5
353	185	130.4
353	344	154.9
354	17421	46.1
354	17404	157.7
354	8032	58.9
355	5952	18.7
355	2342	128.6
355	2347	248.2
356	17073	28.3
356	4244	60.5
357	1798	17.7
357	1797	23.4
357	1993	400.9
358	242	129.0
358	4238	75.9
359	2060	38.5
360	4215	223.3
360	4199	99.7
360	2011	273.7
360	4214	130.1
361	13457	47.5
361	13459	262.4
361	9181	270.6
361	23281	127.4
362	447	185.3
362	472	282.7
363	547	614.4
364	6340	12.1
364	13912	17.8
365	262	47.7
365	1308	71.9
366	12087	81.0
366	265	55.1
367	7104	173.8
367	328	457.6
368	3354	193.4
369	20689	617.8
370	281	206.8
370	406	17.2
370	5966	123.7
371	283	172.6
371	203	130.2
371	285	115.1
372	17461	44.0
372	186	48.2
373	215	210.1
373	219	188.4
373	23291	70.4
373	419	244.6
374	755	206.1
374	759	522.9
375	292	202.1
375	21974	6.5
375	1689	213.6
376	397	21.7
376	4255	89.4
376	272	294.7
377	2042	13.4
377	2043	7.0
377	5725	293.4
378	13459	137.2
378	7956	17.3
378	9	317.2
379	8009	68.5
379	9183	41.4
380	3196	120.1
380	17104	81.5
381	3439	8.9
381	324	163.4
381	17402	76.4
382	455	63.4
382	280	113.2
382	323	345.1
383	3608	74.1
383	7827	8.3
383	1174	282.7
384	5961	10.9
384	327	132.4
384	19055	279.1
385	2197	14.5
385	1321	72.7
386	252	37.9
386	7265	14.7
387	5392	263.2
388	2290	1181.7
389	5863	61.7
389	627	13.5
390	8025	22.6
390	1137	81.6
390	1353	292.8
391	6376	123.7
392	2066	73.2
392	395	52.2
393	7552	161.7
393	9720	392.2
394	271	366.2
394	1348	13.0
395	416	60.2
395	189	28.3
396	23668	271.0
397	3268	146.0
397	376	21.7
397	460	217.9
398	156	89.8
399	8039	183.6
399	290	223.4
399	1348	131.7
400	3344	22.3
400	220	90.9
400	3341	114.3
401	2055	10.1
401	2049	294.9
402	2027	8.8
402	17647	169.6
402	13466	216.4
403	362	112.4
403	230	287.1
404	1355	6.9
404	40	11.8
404	9173	336.1
405	2295	93.2
406	432	248.8
406	5965	121.9
406	370	17.2
407	6360	3.6
408	618	10.3
408	620	19.9
408	14816	204.3
409	305	82.0
409	333	77.9
409	1692	188.9
410	7579	10.4
410	307	100.2
410	17420	173.8
411	12084	77.8
411	1673	182.2
411	1684	142.6
411	1667	78.5
412	6698	12.5
412	431	96.6
412	8039	274.1
413	7513	9.6
413	196	275.8
414	1735	137.3
414	1742	26.0
414	132	484.9
415	7521	12.5
415	8029	91.6
415	1645	120.9
416	395	60.2
416	189	51.8
416	245	221.2
417	22947	7.9
417	23283	161.7
418	7502	50.1
418	351	221.7
418	14612	98.4
419	4255	184.0
419	4251	207.0
419	191	90.1
419	373	244.6
420	7561	15.4
420	1596	138.9
420	250	299.9
421	470	44.3
421	459	250.5
421	2055	378.0
421	203	112.4
422	569	41.0
423	1151	42.8
423	7837	41.6
424	1690	200.8
424	2090	74.3
424	5978	71.3
425	394	840.6
425	2247	281.9
425	1154	247.5
426	577	100.4
426	4246	48.1
427	466	10.6
427	11098	226.6
428	196	137.4
428	4256	108.5
428	4259	192.3
429	16158	262.2
429	9744	157.4
429	7582	281.3
430	309	89.0
430	1675	100.5
431	6699	11.1
431	1368	159.2
432	5968	121.6
432	5967	138.9
432	406	248.8
432	265	98.9
433	7165	256.9
433	7174	117.8
433	1601	700.8
433	6072	174.4
434	4222	34.3
434	206	67.4
434	4231	75.2
435	7363	54.9
436	1484	203.5
436	1157	113.0
436	1472	142.6
436	1440	179.3
437	1197	19.2
438	21976	8.3
438	11887	321.4
439	258	22.8
439	4264	45.5
439	588	256.9
440	1935	14.3
440	5949	55.8
441	9751	125.5
441	157	292.1
442	573	75.4
442	574	55.7
443	342	87.1
443	17463	98.5
443	8012	55.5
443	17456	95.5
444	3438	70.7
444	220	73.9
444	3196	75.0
445	17068	14.6
445	17067	54.1
445	567	125.2
446	751	30.4
446	319	264.1
446	2067	144.3
447	9716	127.9
447	17572	88.1
447	7576	5.9
448	345	36.5
448	15935	174.7
448	15930	341.7
449	17072	7.3
449	320	51.4
450	1837	9.2
450	1863	447.5
451	9144	46.7
451	1459	31.4
452	15304	223.2
453	283	126.1
453	203	178.1
453	237	135.1
454	1149	47.3
454	6601	81.0
454	3280	125.9
455	382	63.4
455	193	154.4
455	1622	178.7
456	17439	17.6
456	17437	63.5
457	264	147.9
457	4207	89.3
457	4205	144.7
458	3584	232.4
458	5228	69.0
458	1676	183.1
459	421	250.5
459	17575	115.4
459	285	117.9
460	4222	62.5
460	4258	120.1
461	357	426.0
462	1692	170.1
462	16885	328.6
462	1661	197.3
462	241	295.3
463	4134	81.7
463	4133	23.6
464	3271	72.1
464	190	43.3
464	243	73.1
465	3359	125.8
466	323	65.5
466	427	10.6
466	319	220.9
467	7503	14.7
467	1425	79.5
468	7567	18.1
468	280	263.8
468	1195	426.4
469	7511	6.5
469	7360	430.2
469	3674	188.4
470	2056	377.9
470	9715	79.8
470	421	44.3
470	472	185.1
471	2041	55.9
471	2038	11.9
472	230	125.0
472	362	282.7
472	470	185.1
473	5754	142.7
473	2896	130.7
473	1946	184.8
473	1944	187.2
474	2056	8.4
474	401	47.3
475	324	169.9
475	5620	133.5
476	9674	2313.9
477	494	117.7
477	495	134.4
478	11280	358.1
478	11281	189.7
479	495	146.8
479	494	278.4
480	493	429.3
480	490	196.8
481	490	91.0
481	493	333.4
482	489	72.6
483	486	5.2
484	482	76.5
484	12163	197.8
485	12163	513.2
485	482	345.8
486	476	420.4
486	9385	73.7
487	9391	807.3
488	476	94.1
488	9991	573.7
489	492	175.4
489	9336	119.9
490	484	160.5
491	8782	366.9
492	9776	719.8
493	10529	129.8
494	488	68.6
495	481	136.4
496	515	375.6
496	507	413.2
496	2530	361.3
496	503	284.9
497	15734	336.9
497	511	249.8
497	15735	724.9
498	2531	11.2
498	501	963.3
498	12926	401.0
499	5675	12.2
499	5671	100.7
500	2522	1108.1
500	502	550.9
500	511	433.1
501	505	415.2
501	3650	9.2
502	15735	25.5
502	15728	453.7
502	500	550.9
503	8704	229.8
503	5674	372.1
503	514	413.8
503	496	284.9
504	90	3241.5
504	18410	377.8
504	508	955.3
505	2530	10.6
505	5669	381.6
506	88	49.1
506	20882	1177.0
506	20875	378.5
507	496	413.2
507	514	272.9
507	3650	381.0
508	504	955.3
509	20870	50.8
509	20890	321.7
509	85	556.7
510	20862	234.2
511	513	380.7
511	500	433.1
511	497	249.8
512	2522	12.6
512	498	237.3
513	15731	606.8
513	511	380.7
513	15733	145.9
514	507	272.9
514	503	413.8
514	8704	481.6
515	8702	200.3
515	496	375.6
515	5670	347.2
515	5674	295.2
516	3661	245.1
516	3659	667.2
517	516	233.2
518	2155	163.5
519	518	55.5
519	3447	107.6
520	2160	184.5
521	2176	61.2
521	2177	61.9
522	17652	53.4
522	3447	36.0
522	2143	130.1
523	524	46.7
523	13951	44.2
524	2169	152.4
525	18304	9.0
525	18376	2391.5
526	9	17.4
526	22945	547.1
527	532	106.9
528	529	14.8
528	8005	234.8
528	530	50.2
529	531	49.4
529	528	14.8
529	8007	52.7
530	528	50.2
530	531	25.4
530	533	141.6
531	536	22.3
531	529	49.4
531	8006	50.8
531	530	25.4
532	539	28.8
532	533	37.3
532	527	106.9
533	532	37.3
533	537	23.0
533	530	141.6
534	8008	56.8
535	541	28.3
536	531	22.3
536	537	168.1
536	8008	104.6
537	533	23.0
537	539	36.7
537	536	168.1
537	544	135.0
538	17671	378.4
539	532	28.8
539	541	143.1
539	537	36.7
540	2948	821.1
541	543	51.7
541	539	143.1
541	535	28.3
542	538	27.9
542	7360	592.0
543	3199	60.8
543	541	51.7
543	544	63.3
544	543	63.3
544	547	402.3
544	537	135.0
545	7989	188.9
545	546	184.1
546	549	185.0
546	545	184.1
546	7973	191.5
547	548	46.3
547	363	614.4
547	544	402.3
548	547	46.3
549	7945	73.5
549	546	185.0
549	7943	234.9
550	1209	11.5
550	551	606.9
551	552	66.1
551	18382	29.6
552	37	13.8
552	1211	15.0
552	18381	30.7
553	332	213.2
554	553	81.6
554	557	139.2
555	560	237.0
555	18081	51.4
556	554	258.6
556	136	582.6
557	12	295.4
558	559	37.2
558	561	250.1
559	7571	11.3
559	7938	7.2
560	14990	218.6
560	3664	110.7
560	555	237.0
561	3666	476.8
562	10790	17.5
562	139	134.6
563	17668	204.6
563	13	142.4
563	3664	217.4
564	7554	11.7
565	14	132.6
565	7421	88.7
566	7263	120.3
567	570	44.1
567	569	132.0
567	445	125.2
568	572	130.3
569	13944	172.3
569	422	41.0
569	567	132.0
570	567	44.1
571	17027	42.0
571	16	74.1
571	187	113.8
572	190	58.6
572	17027	21.3
572	568	130.3
573	442	75.4
573	3351	56.9
573	3348	84.7
574	3351	57.1
574	449	103.0
575	277	210.7
575	201	13.9
575	3272	161.3
576	325	44.3
576	3271	27.0
576	16884	85.6
577	3349	149.0
577	426	100.4
577	3351	82.1
578	322	123.6
578	17117	35.1
579	5857	354.4
580	564	1297.1
580	398	295.6
581	3667	1806.6
582	1243	13.0
582	598	439.1
583	5857	13.0
583	1868	373.8
583	13926	242.4
584	585	43.8
584	17106	67.1
585	4202	63.7
585	588	22.1
586	584	24.4
586	16840	77.4
587	11213	30.1
587	11210	214.7
588	586	27.7
588	4204	81.9
589	590	11.8
589	13923	239.4
590	589	11.8
590	583	61.3
591	581	166.2
591	11210	276.2
592	11213	38.4
593	17118	107.1
593	594	17.2
594	156	20.5
594	597	136.0
595	592	211.2
595	581	309.6
596	597	32.4
596	398	46.6
597	596	32.4
597	4219	172.8
598	1248	15.2
598	5189	20.5
599	7498	10.4
599	6406	127.1
600	599	23.1
600	297	265.2
601	16844	304.5
601	15937	499.8
602	609	102.4
602	5716	111.6
603	613	176.2
603	604	16.3
604	603	16.3
604	13921	379.2
604	590	459.7
605	617	227.3
605	5389	185.0
606	602	173.6
606	14804	103.1
607	11668	210.0
608	615	129.3
608	4219	311.4
608	4216	107.2
609	602	102.4
609	622	278.5
609	23261	138.9
610	9193	18.0
610	152	54.7
611	610	23.0
611	612	46.3
612	616	66.3
613	1876	131.4
613	5858	339.8
614	7580	6.3
614	2014	53.5
614	223	22.7
615	631	683.0
615	608	129.3
615	4260	88.5
616	9190	808.0
616	9190	808.0
617	605	227.3
617	4260	75.7
617	619	209.1
618	620	23.8
618	11226	292.0
619	617	209.1
619	621	87.1
619	17663	204.4
620	408	19.9
620	7345	87.0
620	2012	291.7
621	619	87.1
621	13959	142.5
622	23269	133.8
622	177	220.7
622	609	278.5
623	5869	272.5
623	604	375.6
624	625	14.2
624	18282	16.7
625	38	710.3
626	623	124.3
627	5203	7.6
627	5861	58.5
628	9706	246.9
629	2033	33.9
630	18197	9.1
630	212	243.4
631	615	683.0
631	621	441.8
632	9706	27.0
632	9747	133.9
633	293	14.0
633	6337	109.0
634	7877	112.5
635	631	470.5
636	635	24.6
636	7891	69.1
637	7551	91.8
637	102	112.5
638	3152	32.4
638	474	468.9
639	641	19.4
639	2856	162.1
640	642	19.0
640	639	21.2
641	642	21.1
641	1263	248.0
642	643	12.4
642	1264	250.2
643	1262	19.0
643	254	19.0
644	646	61.8
644	13950	44.3
645	12902	94.5
645	13950	24.0
646	13951	95.7
647	115	21.7
647	1940	213.1
648	8788	193.7
648	13948	94.8
648	13953	109.8
649	13947	29.1
650	13949	32.3
650	13946	48.0
651	2171	118.7
652	8010	59.9
652	8010	59.9
652	636	529.9
653	7558	604.2
654	649	73.0
654	2168	70.5
655	1317	565.6
656	653	26.6
656	9730	191.2
657	668	176.2
658	8788	160.5
658	654	124.7
659	148	69.3
660	663	36.9
661	658	85.2
662	676	603.3
663	670	116.8
663	664	10.4
664	669	147.2
664	13956	290.6
665	13954	32.1
665	659	133.7
665	13958	45.6
666	8788	223.0
667	13955	120.2
667	3635	171.9
667	13957	97.5
668	340	217.5
668	15940	216.9
669	673	64.6
669	7039	156.0
669	13956	144.5
670	3062	154.9
671	667	133.4
672	3635	315.5
673	16157	425.1
674	665	127.9
674	7039	37.0
675	45	19.7
675	653	254.8
676	6356	10.4
676	2843	208.4
678	23605	1456.0
678	6538	864.6
679	680	18.9
679	682	66.1
680	303	14.0
680	7245	51.7
681	684	17.3
681	7246	321.6
681	16904	364.5
682	7240	115.5
683	1324	150.6
683	1342	236.1
683	1353	143.8
684	681	17.3
684	16898	239.4
684	2921	371.5
685	17452	159.3
685	1346	201.1
685	1310	256.9
686	1352	20.9
686	16910	181.5
686	2244	391.7
687	691	100.5
688	11203	46.1
688	11204	40.2
688	687	41.8
689	1450	420.9
689	16192	10.9
689	11204	228.4
690	707	542.3
690	726	1011.0
691	23238	79.5
691	10797	65.4
692	180	18.2
692	2927	261.1
693	7820	661.3
694	696	180.4
694	2355	194.7
695	4825	781.7
696	16911	27.1
696	2246	143.9
697	16910	386.5
697	692	365.2
698	7430	316.3
698	334	125.8
699	2245	61.6
699	63	14.0
700	1369	411.9
700	698	246.6
701	1428	108.1
701	7515	375.0
702	1462	14.5
702	2932	395.0
703	22964	7.5
703	704	29.0
703	1490	185.3
704	703	29.0
704	10794	61.6
704	15925	289.0
705	1153	182.0
705	7836	176.6
706	2250	13.7
706	7515	6.6
706	1456	276.3
707	1496	72.8
707	708	37.7
707	1457	129.0
707	1468	323.9
708	695	316.7
709	727	625.0
709	704	319.4
710	1496	9.2
710	708	47.1
711	1497	15.4
711	706	348.9
712	7510	17.6
712	717	46.9
713	3566	10.3
713	1505	73.0
714	7510	21.2
715	713	30.9
715	704	285.5
715	11092	33.1
716	714	31.9
716	724	137.0
717	9146	75.4
717	17675	41.3
718	715	72.2
718	11092	93.4
719	3565	139.8
720	724	39.3
721	709	260.3
721	700	895.1
722	2924	323.4
722	2773	229.5
723	2828	12.9
723	2833	206.0
724	726	214.6
725	719	252.4
725	718	246.2
725	10795	1486.7
726	7522	49.0
727	730	74.3
728	1565	142.9
728	9145	431.1
729	731	69.9
729	11657	156.6
730	146	1850.3
730	1574	123.7
731	11661	227.8
732	9149	343.3
733	1571	21.8
733	9186	433.2
734	11657	101.9
734	3579	77.9
735	97	36.1
736	7839	112.9
737	11658	332.5
737	7831	17.8
738	739	36.2
738	3614	181.6
739	11664	181.5
739	745	234.8
740	7572	156.5
740	7568	69.4
741	7578	20.6
742	6417	799.8
743	747	173.8
744	746	136.7
745	15903	64.6
745	3614	169.1
746	2063	61.0
746	178	58.2
747	1114	333.8
747	21970	1147.2
748	2802	98.0
748	2303	73.7
749	2302	42.6
749	2304	77.9
750	749	22.6
750	2805	44.6
751	446	30.4
751	1623	123.1
752	1056	30.6
752	16885	334.0
753	732	1882.9
754	1109	1177.6
755	756	146.7
755	2087	154.7
756	2087	23.8
756	760	17.6
757	759	75.5
758	2088	25.4
758	22355	18.1
759	330	22.9
760	758	26.3
760	2092	109.2
761	760	82.7
761	2092	115.7
762	21997	23.1
763	10788	743.7
764	753	676.2
764	761	337.8
765	771	70.1
765	776	234.6
766	23719	1044.7
767	12070	92.0
767	764	192.4
768	1116	108.0
769	768	44.7
769	770	217.4
770	754	271.1
771	769	299.0
772	773	25.9
772	771	49.8
773	776	249.9
773	20734	131.0
774	768	57.9
775	781	228.9
776	56	558.0
777	14999	87.3
777	780	132.0
778	774	165.3
778	770	282.3
779	14496	239.0
780	785	249.8
780	786	337.2
781	13836	332.7
781	783	115.3
782	779	31.6
783	790	236.8
783	791	221.1
784	13836	287.1
784	779	207.1
785	791	92.3
786	782	212.1
786	787	109.5
787	790	75.2
788	2093	442.6
788	753	962.1
789	782	243.4
789	13835	305.9
790	6632	380.5
791	13833	639.3
792	787	235.2
792	784	152.9
793	10814	151.1
793	1090	684.5
793	795	108.6
794	797	143.5
794	11881	559.5
795	793	108.6
795	801	157.3
796	800	206.6
796	798	124.8
797	11886	324.0
797	14588	387.5
798	801	61.3
799	798	62.8
799	800	156.8
799	5231	160.8
800	59	93.9
801	11886	236.3
801	7539	335.8
802	796	424.2
802	11880	898.2
803	1756	28.4
803	11956	546.0
804	1092	48.6
805	1097	459.7
806	815	338.8
807	11879	128.1
808	807	49.1
808	17399	410.4
809	811	28.2
809	1092	447.9
810	819	451.6
810	11869	1039.5
811	1097	234.1
812	5320	11.0
812	5319	239.7
812	817	164.5
813	814	119.4
813	2339	144.5
814	816	36.1
814	23642	893.1
815	820	257.1
815	1102	482.3
816	842	1952.7
817	812	164.5
817	1793	353.0
817	1977	634.2
818	805	444.4
819	1760	428.3
820	821	155.2
820	10807	353.6
821	6892	104.5
821	1102	220.4
822	1796	262.3
822	825	57.2
823	804	941.6
823	819	405.9
824	827	65.4
824	13899	113.4
825	15907	263.5
825	822	57.2
825	5242	262.4
826	823	52.7
827	829	192.1
827	829	192.1
828	7504	35.9
828	1992	48.0
829	13828	6.0
830	826	240.5
831	830	21.8
831	13253	65.7
832	13831	24.8
832	834	89.3
833	13259	13.4
833	834	56.5
834	839	65.3
835	15004	55.7
836	1806	21.9
837	13262	148.6
837	13259	73.0
837	13258	63.1
838	835	61.2
838	839	30.6
839	13261	169.5
839	844	141.1
840	835	100.6
840	15006	154.4
841	11841	8.8
841	838	154.3
842	843	18.0
842	18418	532.9
843	842	18.0
843	850	1281.1
844	13261	31.5
844	841	54.5
845	841	7.3
845	11841	13.1
846	13964	292.0
846	851	335.9
846	13253	546.7
847	13893	133.0
847	13273	74.5
847	13257	204.3
847	13271	276.3
848	1820	401.9
850	9427	141.7
851	846	335.9
851	13966	25.2
852	13296	292.9
852	13296	292.9
853	13822	173.9
853	13824	134.9
854	13280	36.3
855	10014	326.6
855	10019	362.5
856	10019	195.4
856	887	945.2
857	13865	2315.5
858	857	136.1
859	858	92.3
860	859	32.8
860	11112	198.9
861	857	159.3
862	860	84.6
863	861	81.8
864	866	373.9
864	862	31.5
865	10066	256.4
865	13855	415.9
866	10065	1090.8
867	861	277.9
867	10065	1400.1
868	875	330.7
868	881	1653.9
869	17620	121.7
870	866	193.5
871	870	200.7
871	9670	1106.4
872	158	344.2
873	10020	168.1
874	869	80.0
874	138	85.2
875	887	426.8
875	10064	269.3
876	879	74.9
876	878	307.5
877	865	2164.8
878	10054	54.9
878	10055	63.1
879	10059	392.0
879	21562	42.8
879	876	74.9
879	10062	464.7
880	21563	70.5
880	10515	420.0
881	882	145.3
881	9995	376.0
882	9675	166.2
883	3602	41.0
883	9673	657.8
884	886	33.0
884	10515	76.4
884	891	648.7
884	10517	112.4
885	872	498.7
885	873	472.3
886	888	82.8
886	884	33.0
886	10518	676.8
886	10516	111.5
887	889	502.9
888	886	82.8
888	888	0.0
888	888	0.0
889	890	40.0
889	10413	796.6
890	9305	112.4
890	10418	452.5
891	10518	44.1
891	884	648.7
891	10520	501.2
892	893	275.8
892	9305	345.4
893	894	204.9
893	10520	287.0
893	10519	17.7
894	10519	208.5
894	899	265.2
895	898	89.5
895	10518	531.7
896	10520	67.4
897	896	85.9
897	900	274.6
898	900	280.4
899	894	265.2
899	3630	1181.1
899	23575	848.7
900	901	115.1
900	898	280.4
900	897	274.6
901	900	115.1
902	10478	9.2
902	23576	729.1
902	10490	138.2
903	9502	1943.0
903	9504	343.4
904	5633	343.2
904	2656	599.7
905	2673	415.4
905	5815	25.4
905	906	279.4
906	5814	19.2
906	3628	534.2
907	2672	24.2
907	16100	408.7
908	3602	18.9
908	911	36.2
909	9994	771.6
910	5827	20.8
910	9812	51.7
910	16099	427.0
911	914	461.7
912	3603	53.5
912	909	65.8
913	914	18.6
913	3121	335.9
913	912	449.7
914	915	461.1
914	3122	354.5
914	913	18.6
915	5645	14.8
915	14581	397.1
916	5922	388.2
916	14580	13.4
917	10435	694.8
917	8145	61.1
918	10414	461.9
919	2685	323.3
920	921	42.6
920	8129	58.7
921	923	24.7
921	8129	36.5
922	919	58.5
922	921	23.3
923	8126	47.7
923	924	22.6
924	8124	68.3
924	922	24.7
925	10463	990.1
925	21559	127.6
926	990	50.9
926	20577	676.5
927	933	1031.1
928	23676	1143.6
929	9380	86.9
929	8133	1575.4
930	11627	46.7
930	1017	254.1
931	930	295.9
931	3119	267.7
932	3586	12.9
932	3360	178.5
933	10634	597.5
933	9290	138.8
934	9179	97.3
934	1679	503.6
935	6625	63.5
935	937	432.2
936	934	417.6
936	1730	265.0
937	1206	1198.5
938	936	802.9
939	1761	308.1
939	1770	119.9
940	941	51.2
940	3576	104.2
941	15905	569.9
941	15906	381.1
942	1821	53.6
942	1819	70.0
943	16436	33.0
943	3137	332.2
944	1829	138.4
944	1825	45.6
945	6903	582.9
945	1827	2005.1
946	2395	11.7
946	5923	68.8
947	2392	329.8
948	950	185.0
948	956	449.5
949	2393	41.0
949	950	46.7
949	947	135.5
950	949	46.7
950	951	161.1
950	957	285.4
951	950	161.1
951	2388	150.1
951	11190	237.7
952	947	402.7
953	10082	42.5
953	955	71.4
954	9321	606.8
954	9224	296.7
955	2387	74.1
956	966	540.9
956	9223	359.5
957	2372	326.3
957	10084	93.0
958	955	45.8
959	10081	309.5
960	10092	29.1
960	961	46.8
960	959	35.6
961	10089	83.5
962	17648	25.0
962	961	31.7
962	10083	71.1
963	952	418.0
963	960	244.9
964	963	95.9
964	13810	36.6
965	967	16.9
965	963	159.8
966	967	36.8
966	970	70.3
967	965	16.9
967	968	51.5
967	970	41.3
968	20787	29.7
969	967	52.8
969	968	42.5
970	975	44.3
971	20788	63.8
972	975	36.0
972	6650	164.9
973	965	213.2
974	971	31.1
974	969	34.3
975	6650	129.6
976	9297	831.9
976	3204	1444.1
977	9680	128.1
977	979	395.0
978	954	478.5
979	9298	232.0
980	978	257.8
980	16373	791.4
981	9297	334.0
981	979	54.6
982	9298	204.6
982	978	442.4
983	973	925.2
983	982	221.5
984	983	312.2
985	5617	8.8
985	5614	298.4
986	23189	115.6
987	986	48.2
987	14436	218.8
988	20531	16.0
988	989	6.8
988	985	133.6
989	20533	116.8
989	988	6.8
989	20563	6.9
990	6592	222.2
990	998	154.3
991	993	73.7
991	994	54.3
992	925	477.0
993	13770	161.0
994	993	44.3
994	1002	61.3
995	1011	215.7
995	984	258.6
996	927	405.7
997	994	19.3
997	992	42.0
998	23195	23.5
998	1008	100.2
999	20532	60.9
1000	999	23.8
1000	20531	201.8
1001	23193	5.9
1001	992	55.1
1002	1003	16.7
1002	1008	99.6
1003	23194	45.0
1003	997	58.9
1004	5351	6.4
1004	20567	21.1
1005	13692	113.3
1006	9283	17.1
1006	9282	31.2
1007	6035	476.1
1007	927	408.6
1007	1013	307.6
1008	6593	169.8
1009	1003	104.9
1009	1005	133.5
1010	20573	130.8
1010	986	544.7
1011	9283	187.4
1012	9284	47.8
1012	984	553.8
1013	1015	110.1
1013	9288	238.4
1014	20575	327.7
1015	995	390.3
1016	1010	808.8
1017	1016	33.9
1018	1019	33.0
1018	1016	37.3
1019	1017	38.6
1019	932	228.8
1020	9288	245.5
1020	1015	259.6
1021	930	289.3
1022	1024	56.0
1022	23683	64.0
1023	11201	97.4
1024	3120	791.1
1024	3589	245.9
1025	1026	13.4
1025	14646	225.7
1026	5378	254.5
1026	1028	16.8
1027	13696	332.4
1027	1025	15.6
1028	1027	16.8
1028	1029	86.4
1029	9287	139.4
1029	7789	290.6
1030	7197	16.1
1030	9390	1051.2
1031	10585	64.8
1031	1030	44.3
1032	9287	988.3
1033	9277	408.1
1033	1035	458.9
1034	5668	1505.7
1034	5666	377.0
1035	19584	262.5
1036	1032	701.6
1036	9277	369.1
1037	9360	170.6
1038	1130	37.5
1038	1039	738.6
1039	1503	54.9
1040	1180	91.7
1040	1183	125.9
1041	12014	452.4
1042	2061	32.1
1042	19056	19.6
1043	15309	76.4
1043	15306	70.1
1044	15306	15.6
1044	5958	188.9
1045	3615	54.5
1045	21945	44.9
1046	3258	64.5
1047	1046	53.6
1047	7605	12.6
1048	1049	63.4
1048	1047	20.1
1049	3616	239.0
1050	1046	85.9
1050	1047	87.4
1051	1054	181.8
1052	2728	164.4
1052	1053	168.1
1052	2071	242.1
1053	1054	78.5
1053	1052	168.1
1053	17009	123.9
1054	1053	78.5
1054	2070	22.3
1054	1051	181.8
1055	2074	16.5
1055	13939	55.7
1055	2076	204.8
1056	7514	11.4
1057	1648	146.2
1057	7533	12.5
1058	2070	464.3
1059	3584	577.8
1060	9156	35.2
1060	1062	9.5
1061	7508	11.6
1061	1059	51.8
1062	1061	16.3
1062	9154	51.3
1063	1059	137.2
1063	1061	118.1
1064	1065	11.1
1064	2077	186.4
1065	1067	9.0
1065	12012	190.4
1066	1064	8.7
1066	6923	153.2
1067	1066	12.1
1067	1696	227.1
1068	3509	180.7
1068	1682	213.9
1069	5974	35.2
1070	7056	464.9
1070	9201	209.3
1071	2085	128.5
1071	777	304.0
1072	1116	14.3
1072	22342	302.2
1072	1073	272.9
1073	1117	21.6
1073	1074	229.9
1074	13615	272.6
1075	21996	292.0
1075	1710	113.4
1076	21998	18.2
1076	1075	288.2
1077	1078	16.2
1077	1694	249.5
1077	10812	238.6
1078	1728	243.7
1078	1713	212.9
1078	1077	16.2
1079	21998	566.1
1080	1083	205.0
1080	12080	117.8
1081	11885	232.3
1081	13788	435.8
1082	12076	149.0
1082	1083	9.7
1082	7055	239.4
1083	1082	9.7
1083	6633	307.5
1083	1084	69.3
1084	1082	71.7
1084	6683	146.6
1085	12069	145.1
1086	5384	184.6
1086	5386	150.3
1087	1088	7.8
1087	6631	392.7
1087	2103	377.1
1088	12058	72.3
1088	1087	7.8
1088	12057	120.3
1089	20600	16.1
1089	20603	16.0
1090	793	684.5
1090	802	213.1
1091	805	124.7
1091	810	209.7
1092	1090	75.6
1093	20603	57.6
1093	1094	396.9
1094	10825	22.4
1094	1095	421.9
1094	1093	396.9
1095	1096	433.3
1095	1098	247.5
1095	2108	274.3
1095	1196	147.1
1095	1094	421.9
1096	1095	433.3
1097	820	157.5
1098	10824	208.8
1098	1095	247.5
1098	1101	351.7
1099	11868	407.1
1099	17876	34.7
1100	1101	383.8
1100	2128	497.1
1100	10822	317.9
1101	1100	383.8
1101	1098	351.7
1101	2129	535.6
1101	3148	369.0
1102	13265	581.0
1103	3585	76.8
1104	11867	506.8
1104	13291	99.6
1105	1106	132.2
1105	14960	161.3
1106	1107	166.4
1107	868	4584.8
1108	2299	132.8
1108	15903	196.2
1108	3371	543.0
1108	11664	222.0
1108	1110	451.7
1109	11663	32.4
1110	21968	14.0
1110	21969	18.0
1110	1108	451.7
1111	13784	79.4
1111	21969	93.6
1111	22917	41.9
1111	22241	85.2
1112	13782	83.1
1112	22917	64.1
1113	21967	8.3
1113	1114	55.4
1114	217	13.2
1115	22342	223.8
1115	22343	294.7
1116	1072	14.3
1116	10814	706.4
1116	1067	898.4
1117	754	275.7
1117	1115	224.8
1118	9707	26.8
1118	1121	182.5
1118	11913	363.7
1119	157	32.1
1119	15300	132.8
1120	1119	33.6
1120	294	412.3
1121	18201	88.6
1122	2370	13.0
1122	15008	189.5
1122	17908	212.8
1123	2046	48.8
1123	2047	11.4
1124	263	13.3
1124	13124	528.1
1124	2050	303.3
1125	1126	144.7
1126	1127	104.0
1126	1125	144.7
1126	15942	72.0
1126	15940	148.9
1127	372	49.3
1127	1126	104.0
1128	8012	31.1
1128	1129	14.1
1128	8014	109.8
1129	1134	221.8
1129	1128	14.1
1129	1130	74.5
1130	1129	74.5
1130	5221	218.4
1131	8018	129.2
1131	8023	124.7
1131	8021	98.1
1132	1135	128.5
1132	8020	86.2
1132	8017	82.3
1133	8017	74.2
1133	1134	27.4
1133	1136	176.9
1134	1133	27.4
1134	1129	221.8
1134	5221	73.6
1135	1139	208.5
1135	1132	128.5
1135	1136	146.4
1135	8021	82.8
1136	1138	92.6
1136	1135	146.4
1136	1133	176.9
1136	1142	208.4
1137	390	81.6
1137	1141	90.7
1137	3280	136.6
1137	3281	195.8
1138	1136	92.6
1138	1425	152.1
1138	467	93.6
1139	1135	208.5
1139	1142	140.0
1139	8024	67.8
1139	1140	52.4
1140	1141	114.6
1140	1139	52.4
1140	1145	168.0
1141	1147	178.9
1141	1137	90.7
1141	1140	114.6
1142	1139	140.0
1142	1143	92.6
1142	1136	208.4
1142	1145	131.9
1143	1142	92.6
1143	1148	124.6
1144	451	19.2
1144	9143	37.4
1145	1142	131.9
1145	1147	141.5
1145	1148	95.0
1145	1140	168.0
1146	9123	39.4
1146	1144	31.1
1147	1153	126.6
1147	1141	178.9
1147	1145	141.5
1147	1149	215.4
1148	705	29.0
1148	1145	95.0
1149	454	47.3
1149	348	122.2
1149	1147	215.4
1150	5874	124.5
1150	2248	189.4
1151	1523	74.0
1152	1172	180.6
1152	5878	133.0
1152	1176	124.3
1153	1147	126.6
1153	64	9.1
1153	348	219.4
1154	1484	150.5
1154	1160	111.0
1154	425	247.5
1155	20714	32.6
1155	1159	60.5
1156	7545	6.6
1156	9148	295.2
1157	1509	213.1
1157	436	113.0
1157	1158	188.3
1158	1472	171.5
1158	1157	188.3
1158	17897	243.6
1159	9426	125.6
1159	7830	8.1
1160	3467	106.5
1160	1154	111.0
1160	1164	188.9
1161	5877	126.9
1161	3265	136.9
1161	5878	163.7
1162	3608	103.0
1162	9425	82.3
1162	9757	72.7
1163	3467	189.0
1163	1164	105.6
1163	3466	199.0
1164	17901	165.7
1164	17900	131.9
1164	1163	105.6
1164	1160	188.9
1165	1538	6.8
1165	1166	11.6
1165	425	299.0
1166	1165	11.6
1166	1540	9.1
1166	1040	312.5
1167	1172	129.8
1167	5878	173.5
1167	1540	95.7
1168	19054	21.9
1169	9757	97.4
1169	1173	113.7
1169	17674	374.6
1170	5390	172.5
1170	5656	193.8
1171	14819	33.2
1171	14818	9.7
1171	5731	96.9
1172	1152	180.6
1172	1177	194.6
1172	1167	129.8
1173	3262	109.2
1173	1169	113.7
1173	11666	296.7
1174	7835	8.5
1174	3262	115.1
1174	2275	314.9
1175	22466	159.1
1175	17901	150.7
1176	1185	169.7
1176	1152	124.3
1176	7835	350.4
1177	1172	194.6
1178	1179	79.8
1178	296	87.6
1179	296	65.9
1179	1180	19.9
1180	1184	34.1
1180	1183	61.6
1181	8792	146.5
1182	1179	34.1
1182	1181	51.1
1183	1188	142.1
1184	1182	20.0
1184	1041	84.4
1185	1176	169.7
1185	1190	60.9
1186	1184	64.1
1186	1041	90.5
1187	3612	82.3
1188	1190	87.0
1188	1185	50.9
1189	5656	181.8
1190	7840	388.4
1191	1182	88.1
1191	1181	113.6
1192	21942	45.1
1192	3193	269.0
1193	1194	149.3
1193	744	104.2
1194	741	34.4
1194	744	121.2
1195	1193	237.1
1195	5657	151.8
1196	1095	147.1
1197	7603	6.3
1197	1198	187.9
1198	20722	3.8
1198	6054	144.2
1199	13799	195.2
1199	12981	8.6
1199	4375	183.7
1200	1201	25.7
1200	12998	1052.7
1201	11888	12.1
1201	23652	43.6
1202	12992	52.0
1202	12994	55.1
1203	1949	255.4
1203	1205	388.5
1204	2334	220.4
1205	938	158.6
1205	11780	77.1
1206	1774	370.6
1206	1768	198.7
1207	550	12.1
1208	1207	11.9
1208	2236	76.3
1209	1208	13.9
1209	1214	774.6
1210	1208	91.0
1210	2236	132.7
1211	552	15.0
1211	18378	1876.8
1212	20692	9.0
1212	20694	210.4
1213	1214	12.6
1213	1210	701.7
1214	1213	12.6
1214	1217	221.1
1215	1213	76.5
1215	20765	46.1
1216	1217	10.5
1216	1221	213.5
1216	23746	119.1
1217	1216	10.5
1217	1219	172.3
1218	5302	71.0
1218	5303	49.7
1219	1222	39.6
1220	1219	15.0
1220	1215	323.1
1221	1222	10.8
1221	1225	160.7
1222	1221	10.8
